x_signalbilder = [0.197   0.12   0.0776  0.12  0.17   0.18  0.17   0.12   0.0776  0.12  0.17  0.0371 -0.0302 -0.033 -0.0302 0.17   0.12   0.0776  0.12  0.17  0.0371 -0.0302 -0.188 -0.2    -0.188]
y_signalbilder = [-1.6   -1.45  -0.0906 -0.145 0.0799 0.586 0.079 -0.145 -0.0906 -0.145 0.079 0.164   0.166   0.192  0.166  0.079 -0.145 -0.0906 -0.145 0.79  0.164   0.166   0.0627 0.06759 0.0627]
z_signalbilder = [0.169   0.154  0.127   0.154 0.155  0.126 0.155  0.154  0.127   0.154 0.155 0.163   0.163   0.131  0.163  0.155  0.154  0.127   0.154 0.155 0.163   0.163   0.169  0.1172  0.169]
time =           [0        0.3   0.6     0.9   1.3    1.6   1.9    2.3    2.6     2.9   3.3   3.6     3.9     4.3    4.6    4.9    5.3    5.6     5.9   6.3   6.6     6.9     7.3    7.6     7.9] 